 0.00000000e+00  6.41618220e-31 
 1.00000000e-01  3.77729095e-39 
 2.00000000e-01  2.07836071e-47 
 3.00000000e-01  1.14363819e-55 
 4.00000000e-01  6.29298042e-64 
 5.00000000e-01  3.46277371e-72 
 6.00000000e-01  1.90542493e-80 
 7.00000000e-01  1.04847860e-88 
 8.00000000e-01  5.76935554e-97 
 9.00000000e-01  3.17464402e-105 
 1.00000000e+00  1.74687876e-113 
 1.10000000e+00  9.61237035e-122 
 1.20000000e+00  5.28930031e-130 
 1.30000000e+00  2.91048896e-138 
 1.40000000e+00  1.60152487e-146 
 1.50000000e+00  8.81254641e-155 
 1.60000000e+00  4.84918941e-163 
 1.70000000e+00  2.66831365e-171 
 1.80000000e+00  1.46826555e-179 
 1.90000000e+00  8.07927405e-188 
 2.00000000e+00  4.44569916e-196 
 2.10000000e+00  2.44628922e-204 
 2.20000000e+00  1.22849381e-213 
 2.30000000e+00  3.29991728e-223 
 2.40000000e+00  6.13068508e-233 
 2.50000000e+00  8.78950047e-243 
 2.60000000e+00  1.03358619e-252 
 2.70000000e+00  1.03639549e-262 
 2.80000000e+00  9.10284669e-273 
 2.90000000e+00  7.14254944e-283 
 3.00000000e+00  5.08250594e-293 
 3.10000000e+00  3.31883781e-303 
 3.20000000e+00  2.00779300e-313 
 3.30000000e+00  1.72922976e-322 
 3.40000000e+00  0.00000000e+00 
 3.50000000e+00  0.00000000e+00 
 3.60000000e+00  0.00000000e+00 
 3.70000000e+00  0.00000000e+00 
 3.80000000e+00  0.00000000e+00 
 3.90000000e+00  0.00000000e+00 
 4.00000000e+00  0.00000000e+00 
 4.10000000e+00  0.00000000e+00 
 4.20000000e+00  0.00000000e+00 
 4.30000000e+00  0.00000000e+00 
 4.40000000e+00  0.00000000e+00 
 4.50000000e+00  0.00000000e+00 
 4.60000000e+00  0.00000000e+00 
 4.70000000e+00  0.00000000e+00 
 4.80000000e+00  0.00000000e+00 
 4.90000000e+00  0.00000000e+00 
 5.00000000e+00  0.00000000e+00 
 0.00000000e+00  4.16378043e-12 
 1.00000000e-01  4.16378043e-12 
 2.00000000e-01  4.17088586e-12 
 3.00000000e-01  4.15667500e-12 
 4.00000000e-01  4.16378043e-12 
 5.00000000e-01  4.15667500e-12 
 6.00000000e-01  4.16378043e-12 
 7.00000000e-01  4.15667500e-12 
 8.00000000e-01  4.16378043e-12 
 9.00000000e-01  4.15667500e-12 
 1.00000000e+00  4.16378043e-12 
 1.10000000e+00  4.15667500e-12 
 1.20000000e+00  4.16378043e-12 
 1.30000000e+00  4.15667500e-12 
 1.40000000e+00  4.16378043e-12 
 1.50000000e+00  4.15667500e-12 
 1.60000000e+00  4.16378043e-12 
 1.70000000e+00  4.15667500e-12 
 1.80000000e+00  4.16378043e-12 
 1.90000000e+00  4.15667500e-12 
 2.00000000e+00  4.16378043e-12 
 2.10000000e+00  5.03813456e-04 
 2.20000000e+00  9.44641382e-04 
 2.30000000e+00  9.65010138e-04 
 2.40000000e+00  9.73903466e-04 
 2.50000000e+00  9.78999700e-04 
 2.60000000e+00  9.82343868e-04 
 2.70000000e+00  9.84712119e-04 
 2.80000000e+00  9.86479821e-04 
 2.90000000e+00  9.87850875e-04 
 3.00000000e+00  9.88945894e-04 
 3.10000000e+00  9.89840917e-04 
 3.20000000e+00  9.90586320e-04 
 3.30000000e+00  9.91216827e-04 
 3.40000000e+00  9.91757164e-04 
 3.50000000e+00  9.92225422e-04 
 3.60000000e+00  9.92635148e-04 
 3.70000000e+00  9.92996688e-04 
 3.80000000e+00  9.93318084e-04 
 3.90000000e+00  9.93605678e-04 
 4.00000000e+00  9.93864542e-04 
 4.10000000e+00  9.94098782e-04 
 4.20000000e+00  9.94311754e-04 
 4.30000000e+00  9.94506233e-04 
 4.40000000e+00  9.94684528e-04 
 4.50000000e+00  9.94848580e-04 
 4.60000000e+00  9.95000033e-04 
 4.70000000e+00  9.95140284e-04 
 4.80000000e+00  9.95270533e-04 
 4.90000000e+00  9.95396137e-04 
 5.00000000e+00  9.95508769e-04 
 0.00000000e+00  8.17124146e-12 
 1.00000000e-01  8.15703061e-12 
 2.00000000e-01  8.17124146e-12 
 3.00000000e-01  8.15703061e-12 
 4.00000000e-01  8.15703061e-12 
 5.00000000e-01  8.17124146e-12 
 6.00000000e-01  8.17124146e-12 
 7.00000000e-01  8.15703061e-12 
 8.00000000e-01  8.15703061e-12 
 9.00000000e-01  8.17124146e-12 
 1.00000000e+00  8.17124146e-12 
 1.10000000e+00  8.15703061e-12 
 1.20000000e+00  8.15703061e-12 
 1.30000000e+00  8.17124146e-12 
 1.40000000e+00  8.17124146e-12 
 1.50000000e+00  8.15703061e-12 
 1.60000000e+00  8.15703061e-12 
 1.70000000e+00  8.17124146e-12 
 1.80000000e+00  8.17124146e-12 
 1.90000000e+00  8.15703061e-12 
 2.00000000e+00  8.15703061e-12 
 2.10000000e+00  5.03813460e-04 
 2.20000000e+00  1.85427211e-03 
 2.30000000e+00  1.92525348e-03 
 2.40000000e+00  1.94604576e-03 
 2.50000000e+00  1.95717008e-03 
 2.60000000e+00  1.96421798e-03 
 2.70000000e+00  1.96913237e-03 
 2.80000000e+00  1.97276571e-03 
 2.90000000e+00  1.97556623e-03 
 3.00000000e+00  1.97779331e-03 
 3.10000000e+00  1.97960799e-03 
 3.20000000e+00  1.98111583e-03 
 3.30000000e+00  1.98238901e-03 
 3.40000000e+00  1.98347859e-03 
 3.50000000e+00  1.98442180e-03 
 3.60000000e+00  1.98524636e-03 
 3.70000000e+00  1.98597342e-03 
 3.80000000e+00  1.98661935e-03 
 3.90000000e+00  1.98719705e-03 
 4.00000000e+00  1.98771681e-03 
 4.10000000e+00  1.98818696e-03 
 4.20000000e+00  1.98861428e-03 
 4.30000000e+00  1.98900439e-03 
 4.40000000e+00  1.98936194e-03 
 4.50000000e+00  1.98969086e-03 
 4.60000000e+00  1.98999447e-03 
 4.70000000e+00  1.99027556e-03 
 4.80000000e+00  1.99053658e-03 
 4.90000000e+00  1.99077958e-03 
 5.00000000e+00  1.99100639e-03 
 0.00000000e+00  1.21929133e-11 
 1.00000000e-01  1.21929133e-11 
 2.00000000e-01  1.21929133e-11 
 3.00000000e-01  1.21644916e-11 
 4.00000000e-01  1.21929133e-11 
 5.00000000e-01  1.21929133e-11 
 6.00000000e-01  1.21929133e-11 
 7.00000000e-01  1.21929133e-11 
 8.00000000e-01  1.21929133e-11 
 9.00000000e-01  1.21929133e-11 
 1.00000000e+00  1.21929133e-11 
 1.10000000e+00  1.21929133e-11 
 1.20000000e+00  1.21929133e-11 
 1.30000000e+00  1.21929133e-11 
 1.40000000e+00  1.21929133e-11 
 1.50000000e+00  1.21929133e-11 
 1.60000000e+00  1.21929133e-11 
 1.70000000e+00  1.21929133e-11 
 1.80000000e+00  1.21929133e-11 
 1.90000000e+00  1.21929133e-11 
 2.00000000e+00  1.21929133e-11 
 2.10000000e+00  5.03813464e-04 
 2.20000000e+00  2.01484784e-03 
 2.30000000e+00  2.87784829e-03 
 2.40000000e+00  2.91605069e-03 
 2.50000000e+00  2.93440741e-03 
 2.60000000e+00  2.94558059e-03 
 2.70000000e+00  2.95324199e-03 
 2.80000000e+00  2.95884824e-03 
 2.90000000e+00  2.96314093e-03 
 3.00000000e+00  2.96653924e-03 
 3.10000000e+00  2.96929938e-03 
 3.20000000e+00  2.97158735e-03 
 3.30000000e+00  2.97351575e-03 
 3.40000000e+00  2.97516374e-03 
 3.50000000e+00  2.97658873e-03 
 3.60000000e+00  2.97783335e-03 
 3.70000000e+00  2.97892998e-03 
 3.80000000e+00  2.97990364e-03 
 3.90000000e+00  2.98077400e-03 
 4.00000000e+00  2.98155673e-03 
 4.10000000e+00  2.98226446e-03 
 4.20000000e+00  2.98290753e-03 
 4.30000000e+00  2.98349442e-03 
 4.40000000e+00  2.98403221e-03 
 4.50000000e+00  2.98452682e-03 
 4.60000000e+00  2.98498327e-03 
 4.70000000e+00  2.98540582e-03 
 4.80000000e+00  2.98579812e-03 
 4.90000000e+00  2.98616330e-03 
 5.00000000e+00  2.98650409e-03 
 0.00000000e+00  1.62003744e-11 
 1.00000000e-01  1.61719527e-11 
 2.00000000e-01  1.62003744e-11 
 3.00000000e-01  1.62003744e-11 
 4.00000000e-01  1.62003744e-11 
 5.00000000e-01  1.62003744e-11 
 6.00000000e-01  1.62003744e-11 
 7.00000000e-01  1.61719527e-11 
 8.00000000e-01  1.62003744e-11 
 9.00000000e-01  1.61719527e-11 
 1.00000000e+00  1.62003744e-11 
 1.10000000e+00  1.61719527e-11 
 1.20000000e+00  1.62003744e-11 
 1.30000000e+00  1.61719527e-11 
 1.40000000e+00  1.62003744e-11 
 1.50000000e+00  1.61719527e-11 
 1.60000000e+00  1.62003744e-11 
 1.70000000e+00  1.61719527e-11 
 1.80000000e+00  1.62003744e-11 
 1.90000000e+00  1.61719527e-11 
 2.00000000e+00  1.62003744e-11 
 2.10000000e+00  5.03813468e-04 
 2.20000000e+00  2.01484784e-03 
 2.30000000e+00  3.81484983e-03 
 2.40000000e+00  3.88328718e-03 
 2.50000000e+00  3.91047650e-03 
 2.60000000e+00  3.92638417e-03 
 2.70000000e+00  3.93702018e-03 
 2.80000000e+00  3.94471724e-03 
 2.90000000e+00  3.95056949e-03 
 3.00000000e+00  3.95518053e-03 
 3.10000000e+00  3.95891314e-03 
 3.20000000e+00  3.96199964e-03 
 3.30000000e+00  3.96459622e-03 
 3.40000000e+00  3.96681205e-03 
 3.50000000e+00  3.96872584e-03 
 3.60000000e+00  3.97039585e-03 
 3.70000000e+00  3.97186617e-03 
 3.80000000e+00  3.97317080e-03 
 3.90000000e+00  3.97433640e-03 
 4.00000000e+00  3.97538418e-03 
 4.10000000e+00  3.97633122e-03 
 4.20000000e+00  3.97719143e-03 
 4.30000000e+00  3.97797628e-03 
 4.40000000e+00  3.97869528e-03 
 4.50000000e+00  3.97935642e-03 
 4.60000000e+00  3.97996643e-03 
 4.70000000e+00  3.98053103e-03 
 4.80000000e+00  3.98105513e-03 
 4.90000000e+00  3.98154294e-03 
 5.00000000e+00  3.98199812e-03 
 0.00000000e+00  1.98667749e-11 
 1.00000000e-01  2.00088834e-11 
 2.00000000e-01  2.00941486e-11 
 3.00000000e-01  2.01794137e-11 
 4.00000000e-01  2.01509920e-11 
 5.00000000e-01  2.02078354e-11 
 6.00000000e-01  2.01509920e-11 
 7.00000000e-01  2.01509920e-11 
 8.00000000e-01  2.02078354e-11 
 9.00000000e-01  2.01794137e-11 
 1.00000000e+00  2.02078354e-11 
 1.10000000e+00  2.01509920e-11 
 1.20000000e+00  2.01794137e-11 
 1.30000000e+00  2.01794137e-11 
 1.40000000e+00  2.01794137e-11 
 1.50000000e+00  2.01509920e-11 
 1.60000000e+00  2.01794137e-11 
 1.70000000e+00  2.01509920e-11 
 1.80000000e+00  2.01794137e-11 
 1.90000000e+00  2.01509920e-11 
 2.00000000e+00  2.01794137e-11 
 2.10000000e+00  5.03813472e-04 
 2.20000000e+00  2.01484784e-03 
 2.30000000e+00  4.53249463e-03 
 2.40000000e+00  4.84676112e-03 
 2.50000000e+00  4.88530229e-03 
 2.60000000e+00  4.90657440e-03 
 2.70000000e+00  4.92044381e-03 
 2.80000000e+00  4.93036165e-03 
 2.90000000e+00  4.93784607e-03 
 3.00000000e+00  4.94371385e-03 
 3.10000000e+00  4.94844727e-03 
 3.20000000e+00  4.95235141e-03 
 3.30000000e+00  4.95562959e-03 
 3.40000000e+00  4.95842294e-03 
 3.50000000e+00  4.96083271e-03 
 3.60000000e+00  4.96293355e-03 
 3.70000000e+00  4.96478176e-03 
 3.80000000e+00  4.96642067e-03 
 3.90000000e+00  4.96788414e-03 
 4.00000000e+00  4.96919909e-03 
 4.10000000e+00  4.97038715e-03 
 4.20000000e+00  4.97146594e-03 
 4.30000000e+00  4.97244992e-03 
 4.40000000e+00  4.97335113e-03 
 4.50000000e+00  4.97417963e-03 
 4.60000000e+00  4.97494391e-03 
 4.70000000e+00  4.97565118e-03 
 4.80000000e+00  4.97630761e-03 
 4.90000000e+00  4.97691850e-03 
 5.00000000e+00  4.97748845e-03 
 0.00000000e+00  2.28510544e-11 
 1.00000000e-01  2.29647412e-11 
 2.00000000e-01  2.30784281e-11 
 3.00000000e-01  2.31921149e-11 
 4.00000000e-01  2.33058017e-11 
 5.00000000e-01  2.33626452e-11 
 6.00000000e-01  2.35331754e-11 
 7.00000000e-01  2.35900188e-11 
 8.00000000e-01  2.37037057e-11 
 9.00000000e-01  2.37605491e-11 
 1.00000000e+00  2.38742359e-11 
 1.10000000e+00  2.39879228e-11 
 1.20000000e+00  2.40447662e-11 
 1.30000000e+00  2.41584530e-11 
 1.40000000e+00  2.41584530e-11 
 1.50000000e+00  2.41584530e-11 
 1.60000000e+00  2.41584530e-11 
 1.70000000e+00  2.41584530e-11 
 1.80000000e+00  2.41016096e-11 
 1.90000000e+00  2.41584530e-11 
 2.00000000e+00  2.41584530e-11 
 2.10000000e+00  5.03813476e-04 
 2.20000000e+00  2.01484785e-03 
 2.30000000e+00  4.53249463e-03 
 2.40000000e+00  5.80473739e-03 
 2.50000000e+00  5.85859696e-03 
 2.60000000e+00  5.88602327e-03 
 2.70000000e+00  5.90348717e-03 
 2.80000000e+00  5.91576944e-03 
 2.90000000e+00  5.92496445e-03 
 3.00000000e+00  5.93213569e-03 
 3.10000000e+00  5.93789966e-03 
 3.20000000e+00  5.94264135e-03 
 3.30000000e+00  5.94661498e-03 
 3.40000000e+00  5.94999581e-03 
 3.50000000e+00  5.95290892e-03 
 3.60000000e+00  5.95544615e-03 
 3.70000000e+00  5.95767655e-03 
 3.80000000e+00  5.95965308e-03 
 3.90000000e+00  5.96141709e-03 
 4.00000000e+00  5.96300136e-03 
 4.10000000e+00  5.96443219e-03 
 4.20000000e+00  5.96573098e-03 
 4.30000000e+00  5.96691530e-03 
 4.40000000e+00  5.96799972e-03 
 4.50000000e+00  5.96899643e-03 
 4.60000000e+00  5.96991569e-03 
 4.70000000e+00  5.97076624e-03 
 4.80000000e+00  5.97155553e-03 
 4.90000000e+00  5.97228996e-03 
 5.00000000e+00  5.97297509e-03 
 0.00000000e+00  2.59205990e-11 
 1.00000000e-01  2.59774424e-11 
 2.00000000e-01  2.60911293e-11 
 3.00000000e-01  2.62048161e-11 
 4.00000000e-01  2.63185029e-11 
 5.00000000e-01  2.63753464e-11 
 6.00000000e-01  2.64890332e-11 
 7.00000000e-01  2.66595634e-11 
 8.00000000e-01  2.67164069e-11 
 9.00000000e-01  2.68300937e-11 
 1.00000000e+00  2.68869371e-11 
 1.10000000e+00  2.70574674e-11 
 1.20000000e+00  2.71143108e-11 
 1.30000000e+00  2.71711542e-11 
 1.40000000e+00  2.72848411e-11 
 1.50000000e+00  2.74553713e-11 
 1.60000000e+00  2.75122147e-11 
 1.70000000e+00  2.76259016e-11 
 1.80000000e+00  2.76827450e-11 
 1.90000000e+00  2.78532752e-11 
 2.00000000e+00  2.79101187e-11 
 2.10000000e+00  5.03813480e-04 
 2.20000000e+00  2.01484785e-03 
 2.30000000e+00  4.53249463e-03 
 2.40000000e+00  6.75287952e-03 
 2.50000000e+00  6.83002543e-03 
 2.60000000e+00  6.86473012e-03 
 2.70000000e+00  6.88612141e-03 
 2.80000000e+00  6.90092751e-03 
 2.90000000e+00  6.91191796e-03 
 3.00000000e+00  6.92044236e-03 
 3.10000000e+00  6.92726811e-03 
 3.20000000e+00  6.93286808e-03 
 3.30000000e+00  6.93755149e-03 
 3.40000000e+00  6.94153006e-03 
 3.50000000e+00  6.94495406e-03 
 3.60000000e+00  6.94793337e-03 
 3.70000000e+00  6.95055031e-03 
 3.80000000e+00  6.95286787e-03 
 3.90000000e+00  6.95493513e-03 
 4.00000000e+00  6.95679088e-03 
 4.10000000e+00  6.95846626e-03 
 4.20000000e+00  6.95998651e-03 
 4.30000000e+00  6.96137237e-03 
 4.40000000e+00  6.96264101e-03 
 4.50000000e+00  6.96380677e-03 
 4.60000000e+00  6.96488175e-03 
 4.70000000e+00  6.96587619e-03 
 4.80000000e+00  6.96679887e-03 
 4.90000000e+00  6.96765730e-03 
 5.00000000e+00  6.96845801e-03 
 0.00000000e+00  2.89333002e-11 
 1.00000000e-01  2.89901436e-11 
 2.00000000e-01  2.91038305e-11 
 3.00000000e-01  2.91606739e-11 
 4.00000000e-01  2.93312041e-11 
 5.00000000e-01  2.93880476e-11 
 6.00000000e-01  2.95017344e-11 
 7.00000000e-01  2.96154212e-11 
 8.00000000e-01  2.97291081e-11 
 9.00000000e-01  2.98427949e-11 
 1.00000000e+00  2.98996383e-11 
 1.10000000e+00  3.00133252e-11 
 1.20000000e+00  3.01270120e-11 
 1.30000000e+00  3.02406988e-11 
 1.40000000e+00  3.03543857e-11 
 1.50000000e+00  3.04112291e-11 
 1.60000000e+00  3.05817593e-11 
 1.70000000e+00  3.06386028e-11 
 1.80000000e+00  3.07522896e-11 
 1.90000000e+00  3.08091330e-11 
 2.00000000e+00  3.09228199e-11 
 2.10000000e+00  5.03813483e-04 
 2.20000000e+00  2.01484786e-03 
 2.30000000e+00  4.53249464e-03 
 2.40000000e+00  7.67786633e-03 
 2.50000000e+00  7.79910966e-03 
 2.60000000e+00  7.84256128e-03 
 2.70000000e+00  7.86831446e-03 
 2.80000000e+00  7.88582153e-03 
 2.90000000e+00  7.89869946e-03 
 3.00000000e+00  7.90862994e-03 
 3.10000000e+00  7.91655034e-03 
 3.20000000e+00  7.92303017e-03 
 3.30000000e+00  7.92843821e-03 
 3.40000000e+00  7.93302507e-03 
 3.50000000e+00  7.93696769e-03 
 3.60000000e+00  7.94039488e-03 
 3.70000000e+00  7.94340281e-03 
 3.80000000e+00  7.94606488e-03 
 3.90000000e+00  7.94843812e-03 
 4.00000000e+00  7.95056757e-03 
 4.10000000e+00  7.95248928e-03 
 4.20000000e+00  7.95423247e-03 
 4.30000000e+00  7.95582109e-03 
 4.40000000e+00  7.95727496e-03 
 4.50000000e+00  7.95861064e-03 
 4.60000000e+00  7.95984205e-03 
 4.70000000e+00  7.96098102e-03 
 4.80000000e+00  7.96203762e-03 
 4.90000000e+00  7.96302052e-03 
 5.00000000e+00  7.96393720e-03 
 0.00000000e+00  3.18891580e-11 
 1.00000000e-01  3.20028448e-11 
 2.00000000e-01  3.20596882e-11 
 3.00000000e-01  3.22870619e-11 
 4.00000000e-01  3.23439053e-11 
 5.00000000e-01  3.24575922e-11 
 6.00000000e-01  3.25144356e-11 
 7.00000000e-01  3.26281224e-11 
 8.00000000e-01  3.26849658e-11 
 9.00000000e-01  3.27986527e-11 
 1.00000000e+00  3.29123395e-11 
 1.10000000e+00  3.30828698e-11 
 1.20000000e+00  3.31397132e-11 
 1.30000000e+00  3.32534000e-11 
 1.40000000e+00  3.33670869e-11 
 1.50000000e+00  3.34239303e-11 
 1.60000000e+00  3.35376171e-11 
 1.70000000e+00  3.35944605e-11 
 1.80000000e+00  3.37081474e-11 
 1.90000000e+00  3.38786776e-11 
 2.00000000e+00  3.39923645e-11 
 2.10000000e+00  5.03813486e-04 
 2.20000000e+00  2.01484786e-03 
 2.30000000e+00  4.53249464e-03 
 2.40000000e+00  8.05614593e-03 
 2.50000000e+00  8.76512940e-03 
 2.60000000e+00  8.81939143e-03 
 2.70000000e+00  8.84997513e-03 
 2.80000000e+00  8.87043586e-03 
 2.90000000e+00  8.88530128e-03 
 3.00000000e+00  8.89669430e-03 
 3.10000000e+00  8.90574393e-03 
 3.20000000e+00  8.91312614e-03 
 3.30000000e+00  8.91927416e-03 
 3.40000000e+00  8.92448019e-03 
 3.50000000e+00  8.92894937e-03 
 3.60000000e+00  8.93283037e-03 
 3.70000000e+00  8.93623382e-03 
 3.80000000e+00  8.93924393e-03 
 3.90000000e+00  8.94192595e-03 
 4.00000000e+00  8.94433133e-03 
 4.10000000e+00  8.94650118e-03 
 4.20000000e+00  8.94846878e-03 
 4.30000000e+00  8.95026139e-03 
 4.40000000e+00  8.95190153e-03 
 4.50000000e+00  8.95340799e-03 
 4.60000000e+00  8.95479658e-03 
 4.70000000e+00  8.95608069e-03 
 4.80000000e+00  8.95727176e-03 
 4.90000000e+00  8.95837959e-03 
 5.00000000e+00  8.95941265e-03 
 0.00000000e+00  3.49018592e-11 
 1.00000000e-01  3.50723894e-11 
 2.00000000e-01  3.51292329e-11 
 3.00000000e-01  3.52429197e-11 
 4.00000000e-01  3.53566065e-11 
 5.00000000e-01  3.54702934e-11 
 6.00000000e-01  3.55271368e-11 
 7.00000000e-01  3.55839802e-11 
 8.00000000e-01  3.58113539e-11 
 9.00000000e-01  3.58681973e-11 
 1.00000000e+00  3.59250407e-11 
 1.10000000e+00  3.60387276e-11 
 1.20000000e+00  3.60955710e-11 
 1.30000000e+00  3.62661012e-11 
 1.40000000e+00  3.63229447e-11 
 1.50000000e+00  3.63797881e-11 
 1.60000000e+00  3.66071617e-11 
 1.70000000e+00  3.67208486e-11 
 1.80000000e+00  3.67776920e-11 
 1.90000000e+00  3.68345354e-11 
 2.00000000e+00  3.69482223e-11 
 2.10000000e+00  5.03813489e-04 
 2.20000000e+00  2.01484786e-03 
 2.30000000e+00  4.53249465e-03 
 2.40000000e+00  8.05614594e-03 
 2.50000000e+00  9.72691471e-03 
 2.60000000e+00  9.79506225e-03 
 2.70000000e+00  9.83113836e-03 
 2.80000000e+00  9.85475324e-03 
 2.90000000e+00  9.87171518e-03 
 3.00000000e+00  9.88463108e-03 
 3.10000000e+00  9.89484637e-03 
 3.20000000e+00  9.90315446e-03 
 3.30000000e+00  9.91005836e-03 
 3.40000000e+00  9.91589477e-03 
 3.50000000e+00  9.92089864e-03 
 3.60000000e+00  9.92523951e-03 
 3.70000000e+00  9.92904312e-03 
 3.80000000e+00  9.93240484e-03 
 3.90000000e+00  9.93539847e-03 
 4.00000000e+00  9.93808204e-03 
 4.10000000e+00  9.94050187e-03 
 4.20000000e+00  9.94269540e-03 
 4.30000000e+00  9.94469324e-03 
 4.40000000e+00  9.94652068e-03 
 4.50000000e+00  9.94819880e-03 
 4.60000000e+00  9.94974531e-03 
 4.70000000e+00  9.95117520e-03 
 4.80000000e+00  9.95250127e-03 
 4.90000000e+00  9.95373450e-03 
 5.00000000e+00  9.95488436e-03 
 0.00000000e+00  3.79714038e-11 
 1.00000000e-01  3.80850906e-11 
 2.00000000e-01  3.80850906e-11 
 3.00000000e-01  3.81987775e-11 
 4.00000000e-01  3.83124643e-11 
 5.00000000e-01  3.84261511e-11 
 6.00000000e-01  3.85398380e-11 
 7.00000000e-01  3.87672117e-11 
 8.00000000e-01  3.87672117e-11 
 9.00000000e-01  3.87672117e-11 
 1.00000000e+00  3.89945853e-11 
 1.10000000e+00  3.89945853e-11 
 1.20000000e+00  3.91082722e-11 
 1.30000000e+00  3.93356459e-11 
 1.40000000e+00  3.93356459e-11 
 1.50000000e+00  3.94493327e-11 
 1.60000000e+00  3.95630195e-11 
 1.70000000e+00  3.96767064e-11 
 1.80000000e+00  3.96767064e-11 
 1.90000000e+00  3.97903932e-11 
 2.00000000e+00  3.99040800e-11 
 2.10000000e+00  5.03813492e-04 
 2.20000000e+00  2.01484787e-03 
 2.30000000e+00  4.53249465e-03 
 2.40000000e+00  8.05614594e-03 
 2.50000000e+00  1.06817816e-02 
 2.60000000e+00  1.07693690e-02 
 2.70000000e+00  1.08117182e-02 
 2.80000000e+00  1.08387548e-02 
 2.90000000e+00  1.08579323e-02 
 3.00000000e+00  1.08724356e-02 
 3.10000000e+00  1.08838550e-02 
 3.20000000e+00  1.08931135e-02 
 3.30000000e+00  1.09007898e-02 
 3.40000000e+00  1.09072681e-02 
 3.50000000e+00  1.09128150e-02 
 3.60000000e+00  1.09176220e-02 
 3.70000000e+00  1.09218305e-02 
 3.80000000e+00  1.09255475e-02 
 3.90000000e+00  1.09288556e-02 
 4.00000000e+00  1.09318196e-02 
 4.10000000e+00  1.09344913e-02 
 4.20000000e+00  1.09369123e-02 
 4.30000000e+00  1.09391166e-02 
 4.40000000e+00  1.09411324e-02 
 4.50000000e+00  1.09429830e-02 
 4.60000000e+00  1.09446882e-02 
 4.70000000e+00  1.09462645e-02 
 4.80000000e+00  1.09477261e-02 
 4.90000000e+00  1.09490852e-02 
 5.00000000e+00  1.09503523e-02 
 0.00000000e+00  4.09272616e-11 
 1.00000000e-01  4.10409484e-11 
 2.00000000e-01  4.10409484e-11 
 3.00000000e-01  4.12683221e-11 
 4.00000000e-01  4.13820089e-11 
 5.00000000e-01  4.14956958e-11 
 6.00000000e-01  4.16093826e-11 
 7.00000000e-01  4.16093826e-11 
 8.00000000e-01  4.17230694e-11 
 9.00000000e-01  4.18367563e-11 
 1.00000000e+00  4.19504431e-11 
 1.10000000e+00  4.20641300e-11 
 1.20000000e+00  4.21778168e-11 
 1.30000000e+00  4.22915036e-11 
 1.40000000e+00  4.24051905e-11 
 1.50000000e+00  4.24051905e-11 
 1.60000000e+00  4.26325641e-11 
 1.70000000e+00  4.26325641e-11 
 1.80000000e+00  4.27462510e-11 
 1.90000000e+00  4.28599378e-11 
 2.00000000e+00  4.30873115e-11 
 2.10000000e+00  5.03813495e-04 
 2.20000000e+00  2.01484787e-03 
 2.30000000e+00  4.53249465e-03 
 2.40000000e+00  8.05614594e-03 
 2.50000000e+00  1.16244878e-02 
 2.60000000e+00  1.17420392e-02 
 2.70000000e+00  1.17916529e-02 
 2.80000000e+00  1.18223835e-02 
 2.90000000e+00  1.18439430e-02 
 3.00000000e+00  1.18601030e-02 
 3.10000000e+00  1.18727671e-02 
 3.20000000e+00  1.18830017e-02 
 3.30000000e+00  1.18914674e-02 
 3.40000000e+00  1.18985996e-02 
 3.50000000e+00  1.19046981e-02 
 3.60000000e+00  1.19099775e-02 
 3.70000000e+00  1.19145956e-02 
 3.80000000e+00  1.19186716e-02 
 3.90000000e+00  1.19222971e-02 
 4.00000000e+00  1.19255440e-02 
 4.10000000e+00  1.19284693e-02 
 4.20000000e+00  1.19311193e-02 
 4.30000000e+00  1.19335314e-02 
 4.40000000e+00  1.19357366e-02 
 4.50000000e+00  1.19377607e-02 
 4.60000000e+00  1.19396252e-02 
 4.70000000e+00  1.19413486e-02 
 4.80000000e+00  1.19429463e-02 
 4.90000000e+00  1.19444318e-02 
 5.00000000e+00  1.19458165e-02 
 0.00000000e+00  4.39968062e-11 
 1.00000000e-01  4.39968062e-11 
 2.00000000e-01  4.42241799e-11 
 3.00000000e-01  4.43378667e-11 
 4.00000000e-01  4.44515535e-11 
 5.00000000e-01  4.44515535e-11 
 6.00000000e-01  4.45652404e-11 
 7.00000000e-01  4.46789272e-11 
 8.00000000e-01  4.47926141e-11 
 9.00000000e-01  4.49063009e-11 
 1.00000000e+00  4.49063009e-11 
 1.10000000e+00  4.51336746e-11 
 1.20000000e+00  4.51336746e-11 
 1.30000000e+00  4.53610483e-11 
 1.40000000e+00  4.53610483e-11 
 1.50000000e+00  4.54747351e-11 
 1.60000000e+00  4.55884219e-11 
 1.70000000e+00  4.55884219e-11 
 1.80000000e+00  4.58157956e-11 
 1.90000000e+00  4.59294824e-11 
 2.00000000e+00  4.59294824e-11 
 2.10000000e+00  5.03813498e-04 
 2.20000000e+00  2.01484787e-03 
 2.30000000e+00  4.53249466e-03 
 2.40000000e+00  8.05614595e-03 
 2.50000000e+00  1.25209686e-02 
 2.60000000e+00  1.27126969e-02 
 2.70000000e+00  1.27708685e-02 
 2.80000000e+00  1.28056721e-02 
 2.90000000e+00  1.28297371e-02 
 3.00000000e+00  1.28476280e-02 
 3.10000000e+00  1.28615798e-02 
 3.20000000e+00  1.28728172e-02 
 3.30000000e+00  1.28820901e-02 
 3.40000000e+00  1.28898884e-02 
 3.50000000e+00  1.28965473e-02 
 3.60000000e+00  1.29023056e-02 
 3.70000000e+00  1.29073383e-02 
 3.80000000e+00  1.29117770e-02 
 3.90000000e+00  1.29157229e-02 
 4.00000000e+00  1.29192550e-02 
 4.10000000e+00  1.29224360e-02 
 4.20000000e+00  1.29253164e-02 
 4.30000000e+00  1.29279376e-02 
 4.40000000e+00  1.29303332e-02 
 4.50000000e+00  1.29325316e-02 
 4.60000000e+00  1.29345564e-02 
 4.70000000e+00  1.29364275e-02 
 4.80000000e+00  1.29381619e-02 
 4.90000000e+00  1.29397741e-02 
 5.00000000e+00  1.29412768e-02 
 0.00000000e+00  4.70663508e-11 
 1.00000000e-01  4.70663508e-11 
 2.00000000e-01  4.71800377e-11 
 3.00000000e-01  4.71800377e-11 
 4.00000000e-01  4.72937245e-11 
 5.00000000e-01  4.75210982e-11 
 6.00000000e-01  4.76347850e-11 
 7.00000000e-01  4.76347850e-11 
 8.00000000e-01  4.77484718e-11 
 9.00000000e-01  4.78621587e-11 
 1.00000000e+00  4.79758455e-11 
 1.10000000e+00  4.79758455e-11 
 1.20000000e+00  4.82032192e-11 
 1.30000000e+00  4.83169060e-11 
 1.40000000e+00  4.84305929e-11 
 1.50000000e+00  4.84305929e-11 
 1.60000000e+00  4.86579665e-11 
 1.70000000e+00  4.86579665e-11 
 1.80000000e+00  4.87716534e-11 
 1.90000000e+00  4.87716534e-11 
 2.00000000e+00  4.89990271e-11 
 2.10000000e+00  5.03813501e-04 
 2.20000000e+00  2.01484788e-03 
 2.30000000e+00  4.53249466e-03 
 2.40000000e+00  8.05614595e-03 
 2.50000000e+00  1.25851945e-02 
 2.60000000e+00  1.36808000e-02 
 2.70000000e+00  1.37492763e-02 
 2.80000000e+00  1.37885683e-02 
 2.90000000e+00  1.38153032e-02 
 3.00000000e+00  1.38350051e-02 
 3.10000000e+00  1.38502900e-02 
 3.20000000e+00  1.38625582e-02 
 3.30000000e+00  1.38726568e-02 
 3.40000000e+00  1.38811338e-02 
 3.50000000e+00  1.38883622e-02 
 3.60000000e+00  1.38946060e-02 
 3.70000000e+00  1.39000583e-02 
 3.80000000e+00  1.39048636e-02 
 3.90000000e+00  1.39091329e-02 
 4.00000000e+00  1.39129525e-02 
 4.10000000e+00  1.39163910e-02 
 4.20000000e+00  1.39195036e-02 
 4.30000000e+00  1.39223351e-02 
 4.40000000e+00  1.39249223e-02 
 4.50000000e+00  1.39272959e-02 
 4.60000000e+00  1.39294816e-02 
 4.70000000e+00  1.39315011e-02 
 4.80000000e+00  1.39333727e-02 
 4.90000000e+00  1.39351122e-02 
 5.00000000e+00  1.39367334e-02 
 0.00000000e+00  5.00222086e-11 
 1.00000000e-01  5.00222086e-11 
 2.00000000e-01  5.02495823e-11 
 3.00000000e-01  5.03632691e-11 
 4.00000000e-01  5.03632691e-11 
 5.00000000e-01  5.04769559e-11 
 6.00000000e-01  5.05906428e-11 
 7.00000000e-01  5.07043296e-11 
 8.00000000e-01  5.08180165e-11 
 9.00000000e-01  5.09317033e-11 
 1.00000000e+00  5.10453901e-11 
 1.10000000e+00  5.11590770e-11 
 1.20000000e+00  5.11590770e-11 
 1.30000000e+00  5.12727638e-11 
 1.40000000e+00  5.13864507e-11 
 1.50000000e+00  5.15001375e-11 
 1.60000000e+00  5.16138243e-11 
 1.70000000e+00  5.16138243e-11 
 1.80000000e+00  5.18411980e-11 
 1.90000000e+00  5.19548848e-11 
 2.00000000e+00  5.19548848e-11 
 2.10000000e+00  5.03813504e-04 
 2.20000000e+00  2.01484788e-03 
 2.30000000e+00  4.53249466e-03 
 2.40000000e+00  8.05614596e-03 
 2.50000000e+00  1.25851945e-02 
 2.60000000e+00  1.46455201e-02 
 2.70000000e+00  1.47267675e-02 
 2.80000000e+00  1.47710408e-02 
 2.90000000e+00  1.48006292e-02 
 3.00000000e+00  1.48222283e-02 
 3.10000000e+00  1.48388944e-02 
 3.20000000e+00  1.48522230e-02 
 3.30000000e+00  1.48631663e-02 
 3.40000000e+00  1.48723351e-02 
 3.50000000e+00  1.48801422e-02 
 3.60000000e+00  1.48868784e-02 
 3.70000000e+00  1.48927553e-02 
 3.80000000e+00  1.48979312e-02 
 3.90000000e+00  1.49025269e-02 
 4.00000000e+00  1.49066365e-02 
 4.10000000e+00  1.49103345e-02 
 4.20000000e+00  1.49136808e-02 
 4.30000000e+00  1.49167239e-02 
 4.40000000e+00  1.49195038e-02 
 4.50000000e+00  1.49220536e-02 
 4.60000000e+00  1.49244009e-02 
 4.70000000e+00  1.49265694e-02 
 4.80000000e+00  1.49285788e-02 
 4.90000000e+00  1.49304461e-02 
 5.00000000e+00  1.49321861e-02 
